nombre;email;contraseña
eva;evablazquez@gmail.com;12345678
gabriela;gabrieladamas@gmail.com;87654321
irene;irene@gmail.com;alcobendas
paula;paulasegura@gmail.com;segura05
maria;maria@gmail.com;mmurillo
carla;carla@gmail.com;quidiello
pablo;pablo@gmail.com;23456789
esther;esther@gmail.com;12345678
lucia;lucia@gmail.com;12345678
gonzalo;gonzalo@gmail.com;12345678
